2024/09/03	模拟器	模拟器	模拟器	1000兆	700兆	9	MAX	冲锋猫		92	97	92	93	85	94				22	1	1	1	4	4	5	6
2024/09/10	九漓	花猫	云义	15,825	100	0	0	神棍		10	10	10	10	10	10	129	30	拳头	22	1	1	1	4	4	5	6
2024/09/10	劳小黑	喜乐	爱无聊	790	0	0	0	坟头草		0	0	0	0	0	0				22	1	1	1	4	4	5	6
2024/09/10	儿货	花猫	美食家	22,915	0	0	0	冒险家		10	10	10	10	10	10	125	21	汉尼拔	22	1	1	1	4	4	5	6
2024/09/11	泠	喜乐	天羊	900	0	0	0	坟头草		0	0	0	0	0	0				22	1	1	1	4	4	5	6
2024/09/11	晓梦	黑猫	芙芙	3,562	0	2	1	E级隐匿着	芙芙堡垒	13	18	10	14	15	14	131	22	泡芙	22	1	1	2	3	4	5	6
2024/09/12	小黄鸭	喜乐	想夏	850	0	0	0	坟头草		0	0	0	0	0	0				22	1	1	1	4	4	5	6
2024/09/12	陈无言	花猫	狗子	30,700	0	0	1	工友		15	16	14	12	16	13	123	24	狗子	32	1	3	5	5	6	6	6
2024/09/13	小黑黑	喜乐	您	1,000	0	0	0	坟头草		0	0	0	0	0	0				22	1	1	1	4	4	5	6
2024/09/14	招打猫	白猫	招财猫	17,336	85	0	1	白猫中士		10	11	10	10	10	10	127	24	招财	26	2	2	3	4	4	5	6
2024/09/14	rua猫侠	喜乐	几仁回	11,450	0	0	0	坟头草		0	0	0	0	0	0				22	1	1	1	4	4	5	6
2024/09/15	小北一世	喜乐	南泽	4,500	0	0	1	已故		0	0	0	0	0	0				22	1	1	1	4	4	5	6
2024/09/16	原初	白猫	本木	23,630	0	0	4	白猫新兵		10	11	10	10	10	10	126	20	高级本木	33	4	4	4	5	5	5	6
2024/09/19	夏齐	花猫	夏齐	68,696	0	0	0	和平主义者	夏齐小窝	10	10	10	10	10	10	129	27		23	1	1	2	3	5	5	6
2024/09/21	屠龙	赌仔	屠龙	1,400	0	0	0	坟头草		7	7	7	7	7	7				22	1	1	1	4	4	5	6
2024/09/25	英短	赌仔	天虎	0	0	0	0	精神病猫	晓梦城	7	7	7	7	7	7	128	33	天虎	22	1	1	1	4	4	5	6
2024/09/27	火仔	黑猫	李火旺	6,272	300	1	0	黑猫一等兵		10	10	10	10	10	10	124	23	火	26	1	2	3	4	5	5	6
2024/09/29	鸡米花	赌仔	鸡米花	11,075	0	0	0	坟头草		7	7	7	7	7	7				22	1	1	1	4	4	5	6
2024/10/01	领主	喜乐	天狼	1,000	0	0	0	皇城坟头草		0	0	0	0	0	0				22	1	1	1	4	4	5	6
2024/10/02	嬴政	赌仔	嬴政	11,690	0	0	0	坟头草		7	7	7	7	7	7				22	1	1	1	4	4	5	6
2024/10/04	清风	喜乐	清风	4,375	0	0	0	坟头草		0	0	0	0	0	0				22	1	1	1	4	4	5	6
2024/10/05	淮安	赌仔	南淮	905	0	0	0	坟头草		7	7	7	7	7	7				22	1	1	1	4	4	5	6
2024/10/07	云末末	花猫	六六	9,875	0	0	0	海盗		10	10	10	10	10	10	125	18	泡沫	22	1	1	1	4	4	5	6
2024/10/09	烤猪	烤猪	天猪	10,281	0	0	0	烤猪供应商	猫猫大陆	10	10	10	10	10	10	136	39	烤猪	22	1	1	1	4	4	5	6
2024/10/19	随便	喜乐	YZ	1,000	0	0	0	坟头草		0	0	0	0	0	0				22	1	1	1	4	4	5	6
2024/10/20	言言	喜乐	南泽	0	0	0	1	已故		0	0	0	0	0	0				22	1	1	1	4	4	5	6
2024/10/24	PUBG	喜乐	墨沉	650	0	0	0	坟头草		0	0	0	0	0	0				22	1	1	1	4	4	5	6
2024/11/01	柠檬	柠檬	柠檬	1,000	0	0	0	每日任务奖励		10	10	10	10	10	10	119	24	柠檬	22	1	1	1	4	4	5	6
2024/11/01	乐子猫	赌仔	乐子猫	1,000	0	0	0	坟头草		7	7	7	7	7	7				22	1	1	1	4	4	5	6
2024/11/04	小铭	花猫	小铭	1,119	0	0	0	绑架犯	云顶天宫	10	10	10	10	10	10	123	21	石头	23	1	1	2	2	5	6	6
2024/11/04	尘楠	喜乐	尘楠	4,250	0	0	0	坟头草		0	0	0	0	0	0				22	1	1	1	4	4	5	6
2024/11/08	小北	白猫	南泽	13,439	900	1	1	白猫新兵	火燎原	10	11	10	10	10	10	122	19	泽	30	2	3	4	5	5	5	6
2024/11/09	夺心魄	赌仔	染柒	7,430	0	0	0	坟头草		7	7	7	7	7	7				22	1	1	1	4	4	5	6
2024/11/09	不负卿	赌仔	不负卿	11,500	0	0	0	坟头草		7	7	7	7	7	7				22	1	1	1	4	4	5	6
2024/11/12	天猫	赌仔	天猫	9,500	0	0	0	坟头草		7	7	7	7	7	7				22	1	1	1	4	4	5	6
2024/11/16	薄荷	赌仔	薄荷	3,814	0	0	0	坟头草	薄荷园	7	7	7	7	7	7	120	16	薄荷	22	1	1	1	4	4	5	6
2024/11/18	进宝猫	喜乐	咒风	1,000	0	0	0	坟头草		0	0	0	0	0	0				22	1	1	1	4	4	5	6
2024/11/20	凉开水	赌仔	凉凉	1,400	0	0	0	坟头草		7	7	7	7	7	7				22	1	1	1	4	4	5	6
2024/12/04	群主	赌仔	群主	800	0	0	0	坟头草		7	7	7	7	7	7				22	1	1	1	4	4	5	6
2024/12/06	第五青云	赌仔	韩一墨	1,800	0	0	0	坟头草		7	7	7	7	7	7				22	1	1	1	4	4	5	6
2024/12/07	风灵	黑猫	人牛	1,850	0	0	0	黑猫二等兵		10	10	10	10	10	10				22	1	1	1	4	4	5	6
2024/12/07	请输入文本	喜乐	小魔仙	1,500	0	0	0	坟头草		0	0	0	0	0	0				22	1	1	1	4	4	5	6
2024/12/08	穷不死	黑猫	牢活	936	0	0	0	活死猫		10	10	10	10	10	10				22	1	1	1	4	4	5	6
2024/12/08	不知	喜乐	不知	700	0	0	0	坟头草		0	0	0	0	0	0				22	1	1	1	4	4	5	6
2024/12/19	风光	赌仔	风光	27,110	0	0	0	流浪猫		7	7	7	7	7	7	123	22	光子	22	1	1	1	4	4	5	6
2025/01/03	伶	花猫	伶	1,800	0	0	0	观众猫		10	10	10	10	10	10	122	18	戏子	22	1	1	1	4	4	5	6
2025/01/12	高阳	黑猫	高阳	2,000	0	0	0	图书管理员		10	10	10	10	10	10	124	22		19	1	1	1	3	3	5	5